Date,Adj Close,rolling mean,high,low
2022-10-18,142.90225219726562,,,
2022-10-19,143.0115966796875,,,
2022-10-20,142.5443878173828,,,
2022-10-21,146.40150451660156,,,
2022-10-24,148.56861877441406,144.6856719970703,147.57938543701172,141.79195855712888
2022-10-25,151.44158935546875,146.39353942871094,149.32141021728515,143.46566864013673
2022-10-26,148.46922302246094,147.4850646972656,150.43476599121092,144.5353634033203
2022-10-27,143.946044921875,147.76539611816406,150.72070404052735,144.81008819580077
2022-10-28,154.82156372070312,149.44940795898438,152.43839611816406,146.4604197998047
2022-10-31,152.43568420410156,150.2228210449219,153.22727746582032,147.21836462402345
2022-11-01,149.76153564453125,149.88681030273438,152.88454650878907,146.88907409667968
2022-11-02,144.17469787597656,149.0279052734375,152.00846337890627,146.04734716796875
2022-11-03,138.06097412109375,147.85089111328125,150.8079089355469,144.8938732910156
2022-11-04,137.7921142578125,144.44500122070312,147.33390124511718,141.55610119628906
2022-11-07,138.32981872558594,141.623828125,144.4563046875,138.79135156249998
2022-11-08,138.90736389160156,139.45299377441407,142.24205364990235,136.6639338989258
2022-11-09,134.29702758789062,137.4774597167969,140.22700891113283,134.72791052246095
2022-11-10,146.2460479736328,139.11447448730468,141.89676397705077,136.33218499755858
2022-11-11,149.06402587890625,141.36885681152344,144.1962339477539,138.54147967529298
2022-11-14,147.65005493164062,143.23290405273437,146.09756213378907,140.36824597167967
2022-11-15,149.40257263183594,145.33194580078126,148.23858471679688,142.42530688476563
2022-11-16,148.1578826904297,148.10411682128907,151.06619915771486,145.14203448486327
2022-11-17,150.07969665527344,148.8708465576172,151.84826348876953,145.89342962646487
2022-11-18,150.64727783203125,149.1874969482422,152.17124688720705,146.20374700927735
2022-11-21,147.38119506835938,149.13372497558595,152.11639947509767,146.15105047607423
2022-11-22,149.54196166992188,149.16160278320314,152.1448348388672,146.17837072753906
2022-11-23,150.42822265625,149.61567077636718,152.60798419189453,146.62335736083983
2022-11-25,147.48077392578125,149.09588623046875,152.07780395507814,146.11396850585936
2022-11-28,143.6072998046875,147.687890625,150.6416484375,144.73413281249998
2022-11-29,140.5702667236328,146.3257049560547,149.2522190551758,143.3991908569336
2022-11-30,147.40110778808594,145.8975341796875,148.81548486328126,142.97958349609377
2022-12-01,147.679931640625,145.3478759765625,148.25483349609377,142.44091845703124
2022-12-02,147.1820526123047,145.2881317138672,148.19389434814454,142.38236907958984
2022-12-05,146.007080078125,145.7680877685547,148.6834495239258,142.8527260131836
2022-12-06,142.30287170410156,146.11460876464844,149.0369009399414,143.19231658935547
2022-12-07,140.34124755859375,144.70263671875,147.596689453125,141.808583984375
2022-12-08,142.04397583007812,143.57544555664063,146.44695446777345,140.7039366455078
2022-12-09,141.55606079101562,142.45024719238282,145.29925213623048,139.60124224853516
2022-12-12,143.8761749267578,142.02406616210936,144.86454748535155,139.18358483886718
2022-12-13,144.85198974609375,142.5338897705078,145.38456756591796,139.68321197509766
2022-12-14,142.6016082763672,142.9859619140625,145.84568115234376,140.12624267578124
2022-12-15,135.92010498046875,141.7611877441406,144.59641149902342,138.9259639892578
2022-12-16,133.9385528564453,140.23768615722656,143.0424398803711,137.43293243408203
2022-12-19,131.80764770507812,137.82398071289063,140.58046032714844,135.06750109863282
2022-12-20,131.73794555664062,135.201171875,137.9051953125,132.4971484375
2022-12-21,134.8745574951172,133.65576171875,136.328876953125,130.982646484375
2022-12-22,131.66822814941406,132.80538635253907,135.46149407958987,130.14927862548828
2022-12-23,131.29981994628906,132.27763977050782,134.923192565918,129.63208697509765
2022-12-27,129.47760009765625,131.81163024902344,134.44786285400392,129.17539764404296
2022-12-28,125.5045394897461,130.56494903564453,133.17624801635742,127.95365005493164
2022-12-29,129.05938720703125,129.40191497802735,131.9899532775879,126.8138766784668
2022-12-30,129.3780059814453,128.9438705444336,131.52274795532227,126.36499313354491
2023-01-03,124.53865814208984,127.59163818359374,130.14347094726563,125.03980541992186
2023-01-04,125.82318878173828,126.86075592041016,129.39797103881835,124.32354080200196
2023-01-05,124.4888687133789,126.65762176513672,129.19077420043945,124.12446932983399
2023-01-06,129.0693359375,126.65961151123047,129.19280374145507,124.12641928100585
2023-01-09,129.59707641601562,126.70342559814453,129.23749411010743,124.16935708618165
2023-01-10,130.17462158203125,127.83061828613282,130.38723065185548,125.27400592041016
2023-01-11,132.9228973388672,129.25055999755858,131.83557119750975,126.66554879760741
2023-01-12,132.84323120117188,130.9214324951172,133.53986114501953,128.30300384521485
2023-01-13,134.18748474121094,131.94506225585937,134.58396350097655,129.3061610107422
2023-01-17,135.36248779296875,133.09814453125,135.760107421875,130.436181640625
2023-01-18,134.63558959960938,133.99033813476564,136.67014489746094,131.31053137207033
2023-01-19,134.69532775878906,134.34482421875,137.03172070312502,131.657927734375
2023-01-20,137.28427124023438,135.2330322265625,137.93769287109376,132.52837158203124
2023-01-23,140.51052856445312,136.49764099121094,139.22759381103518,133.7676881713867
2023-01-24,141.92449951171875,137.81004333496094,140.56624420166017,135.0538424682617
2023-01-25,141.25733947753906,139.13439331054687,141.91708117675782,136.35170544433592
2023-01-26,143.34841918945312,140.8650115966797,143.68231182861328,138.0477113647461
2023-01-27,145.31004333496094,142.470166015625,145.3195693359375,139.62076269531252
2023-01-30,142.39248657226562,142.8465576171875,145.70348876953125,139.98962646484375
2023-01-31,143.677001953125,143.19705810546876,146.06099926757813,140.33311694335939
2023-02-01,144.81216430664062,143.90802307128905,146.78618353271483,141.02986260986327
2023-02-02,150.1792755126953,145.2741943359375,148.17967822265624,142.36871044921875
2023-02-03,153.8436279296875,146.9809112548828,149.92052947998047,144.04129302978515
2023-02-06,151.0854034423828,148.71949462890626,151.6938845214844,145.74510473632813
2023-02-07,153.9929962158203,150.7826934814453,153.79834735107423,147.7670396118164
2023-02-08,151.27459716796875,152.07518005371094,155.11668365478516,149.0336764526367
2023-02-09,150.22906494140625,152.08513793945312,155.12684069824218,149.04343518066406
2023-02-10,150.59803771972656,151.43601989746094,154.46474029541017,148.4072994995117
2023-02-13,153.43031311035156,151.90500183105468,154.94310186767578,148.86690179443357
2023-02-14,152.78207397460938,151.6628173828125,154.69607373046875,148.62956103515626
2023-02-15,154.90626525878906,152.38915100097657,155.4369340209961,149.34136798095705
2023-02-16,153.29067993164062,153.00147399902343,156.0615034790039,149.94144451904296
2023-02-17,152.13385009765625,153.3086364746094,156.37480920410158,150.2424637451172
2023-02-21,148.074951171875,152.23756408691406,155.28231536865235,149.19281280517578
2023-02-22,148.50376892089844,151.38190307617188,154.40954113769533,148.35426501464843
2023-02-23,148.992431640625,150.19913635253906,153.20311907958984,147.19515362548827
2023-02-24,146.30978393554688,148.8029571533203,151.77901629638671,145.8268980102539
2023-02-27,147.5164794921875,147.87948303222657,150.83707269287112,144.92189337158203
2023-02-28,147.00787353515625,147.66606750488282,150.61938885498049,144.71274615478515
2023-03-01,144.91360473632812,146.94803466796876,149.88699536132813,144.00907397460938
2023-03-02,145.51197814941406,146.25194396972657,149.1769828491211,143.32690509033205
2023-03-03,150.6179962158203,147.11358642578125,150.05585815429689,144.17131469726561
2023-03-06,153.41036987304688,148.29236450195313,151.2582117919922,145.32651721191405
2023-03-07,151.1864471435547,149.12807922363282,152.11064080810547,146.14551763916018
2023-03-08,152.45297241210938,150.63595275878907,153.64867181396485,147.6232337036133
2023-03-09,150.17918395996094,151.56939392089845,154.60078179931642,148.53800604248048
2023-03-10,148.0948944091797,151.0647735595703,154.08606903076173,148.0434780883789
2023-03-13,150.0595245361328,150.3946044921875,153.40249658203126,147.38671240234376
2023-03-14,152.17373657226562,150.5920623779297,153.6039036254883,147.5802211303711
2023-03-15,152.57264709472656,150.61599731445312,153.6283172607422,147.60367736816406
2023-03-16,155.4248504638672,151.66513061523438,154.69843322753906,148.6318280029297
2023-03-17,154.57716369628906,152.96158447265626,156.02081616210938,149.90235278320313
2023-03-20,156.97061157226562,154.34380187988282,157.43067791748047,151.25692584228517
2023-03-21,158.84548950195312,155.67815246582032,158.79171551513673,152.5645894165039
2023-03-22,157.39944458007812,156.6435119628906,159.77638220214843,153.5106417236328
2023-03-23,158.49644470214844,157.25783081054686,160.4029874267578,154.11267419433594
2023-03-24,159.81283569335938,158.30496520996093,161.47106451416013,155.13886590576172
2023-03-27,157.84820556640625,158.48048400878906,161.65009368896486,155.31087432861327
2023-03-28,157.2199249267578,158.15537109375,161.318478515625,154.992263671875
2023-03-29,160.3314208984375,158.74176635742188,161.9166016845703,155.56693103027345
2023-03-30,161.91708374023438,159.42589416503907,162.61441204833986,156.23737628173828
2023-03-31,164.4501495361328,160.35335693359374,163.56042407226562,157.14628979492187
2023-04-03,165.71669006347656,161.92705383300782,165.165594909668,158.68851275634765
2023-04-04,165.1781768798828,163.51870422363282,166.78907830810547,160.24833013916017
2023-04-05,163.31326293945312,164.11507263183594,167.39737408447266,160.83277117919923
2023-04-06,164.21083068847656,164.57382202148438,167.86529846191408,161.28234558105467
2023-04-10,161.58798217773438,164.0013885498047,167.2814163208008,160.7213607788086
2023-04-11,160.36134338378906,162.9303192138672,166.18892559814455,159.67171282958984
2023-04-12,159.66326904296875,161.82733764648438,165.06388439941406,158.5907908935547
2023-04-13,165.1083526611328,162.1863555908203,165.43008270263672,158.9426284790039
2023-04-14,164.7593231201172,162.29605407714843,165.5419751586914,159.05013299560545
2023-04-17,164.7792510986328,162.93430786132814,166.1929940185547,159.67562170410156
2023-04-18,166.01588439941406,164.06521606445312,167.3465203857422,160.78391174316405
2023-04-19,167.17271423339844,165.56710510253907,168.87844720458986,162.2557630004883
2023-04-20,166.1953887939453,165.78451232910157,169.1002025756836,162.46882208251955
2023-04-21,164.56983947753906,165.74661560058593,169.06154791259766,162.4316832885742
2023-04-24,164.8789825439453,165.76656188964844,169.08189312744142,162.45123065185547
2023-04-25,163.3232421875,165.22803344726563,168.53259411621096,161.9234727783203
2023-04-26,163.31326293945312,164.45614318847657,167.7452660522461,161.16702032470704
2023-04-27,167.95059204101562,164.80718383789062,168.10332751464844,161.5110401611328
2023-04-28,169.2171173095703,165.73663940429688,169.05137219238281,162.42190661621095
2023-05-01,169.1273651123047,166.58631591796876,169.91804223632815,163.25458959960937
2023-05-02,168.08023071289062,167.53771362304687,170.8884678955078,164.18695935058594
2023-05-03,166.99319458007812,168.27369995117186,171.6391739501953,164.90822595214843
2023-05-04,165.3377227783203,167.75112609863282,171.1061486206055,164.39610357666015
2023-05-05,173.0965118408203,168.52700500488282,171.89754510498048,165.15646490478517
2023-05-08,173.0266876220703,169.30686950683594,172.69300689697266,165.9207321166992
2023-05-09,171.30142211914062,169.95110778808595,173.35012994384766,166.55208563232424
2023-05-10,173.08653259277344,171.169775390625,174.5931708984375,167.7463798828125
2023-05-11,173.27601623535156,172.75743408203124,176.21258276367186,169.30228540039062
2023-05-12,172.3372802734375,172.6055877685547,176.0576995239258,169.1534760131836
2023-05-15,171.8379669189453,172.3678436279297,175.8152005004883,168.9204867553711
2023-05-16,171.8379669189453,172.47515258789062,175.92465563964842,169.02564953613282
2023-05-17,172.45712280273438,172.34927062988282,175.79625604248048,168.90228521728517
2023-05-18,174.81393432617188,172.65685424804687,176.1099913330078,169.20371716308594
2023-05-19,174.92379760742188,173.17415771484374,176.63764086914063,169.71067456054686
2023-05-22,173.96507263183594,173.59957885742188,177.0715704345703,170.12758728027345
2023-05-23,171.32864379882812,173.49771423339843,176.9676685180664,170.02775994873045
2023-05-24,171.60826110839844,173.32794189453125,176.79450073242188,169.86138305664062
2023-05-25,172.7567138671875,172.91649780273437,176.37482775878905,169.4581678466797
2023-05-26,175.19342041015625,172.97042236328124,176.42983081054686,169.51101391601563
2023-05-30,177.06089782714844,173.58958740234374,177.06137915039062,170.11779565429686
2023-05-31,177.01097106933594,174.7260528564453,178.2205739135742,171.2315317993164
2023-06-01,179.84713745117188,176.373828125,179.9013046875,172.8463515625
2023-06-02,180.7059783935547,177.96368103027345,181.52295465087892,174.40440740966798
2023-06-05,179.33782958984375,178.79256286621094,182.36841412353516,175.21671160888673
2023-06-06,178.9683380126953,179.1740509033203,182.75753192138671,175.5905698852539
2023-06-07,177.5802001953125,179.28789672851562,182.87365466308594,175.7021387939453
2023-06-08,180.3264923095703,179.3837677001953,182.97144305419923,175.7960923461914
2023-06-09,180.71597290039062,179.3857666015625,182.97348193359375,175.79805126953124
2023-06-12,183.54214477539062,180.22662963867188,183.83116223144532,176.62209704589844
2023-06-13,183.0627899169922,181.04552001953124,184.66643041992188,177.4246096191406
2023-06-14,183.70193481445312,182.26986694335938,185.91526428222656,178.6244696044922
2023-06-15,185.7591552734375,183.3563995361328,187.02352752685547,179.68927154541015
2023-06-16,184.67062377929688,184.14732971191407,187.83027630615234,180.4643831176758
2023-06-20,184.760498046875,184.39100036621093,188.07882037353517,180.7031803588867
2023-06-21,183.71192932128906,184.5208282470703,188.21124481201173,180.8304116821289
2023-06-22,186.74781799316406,185.1300048828125,188.83260498046874,181.42740478515626
2023-06-23,186.42823791503906,185.26382141113282,188.96909783935547,181.55854498291018
2023-06-26,185.02015686035156,185.33372802734374,189.0404025878906,181.62705346679687
2023-06-27,187.80638122558594,185.94290466308593,189.66176275634766,182.2240465698242
2023-06-28,188.99478149414062,186.99947509765624,190.73946459960936,183.25948559570313
2023-06-29,189.33432006835938,187.51677551269532,191.26711102294922,183.7664400024414
2023-06-30,193.7084197998047,188.97281188964843,192.7522681274414,185.19335565185546
2023-07-03,192.20046997070312,190.40887451171875,194.21705200195314,186.60069702148436
2023-07-05,191.0719757080078,191.06199340820314,194.8832332763672,187.24075354003907
2023-07-06,191.55133056640625,191.57330322265625,195.4047692871094,187.7418371582031
2023-07-07,190.4228515625,191.79100952148437,195.62682971191407,187.95518933105467
2023-07-10,188.35565185546875,190.7204559326172,194.53486505126955,186.90604681396485
2023-07-11,187.8263702392578,189.84563598632812,193.6425487060547,186.04872326660154
2023-07-12,189.5140838623047,189.5340576171875,193.32473876953125,185.74337646484375
2023-07-13,190.2830352783203,189.2803985595703,193.0660065307617,185.4947905883789
2023-07-14,190.43284606933594,189.2823974609375,193.06804541015623,185.49674951171875
2023-07-17,193.7283935546875,190.35694580078126,194.16408471679688,186.54980688476564
2023-07-18,193.46873474121094,191.48541870117188,195.31512707519533,187.65571032714843
2023-07-19,194.83689880371094,192.54998168945312,196.40098132324218,188.69898205566406
2023-07-20,192.8695526123047,193.06728515625,196.928630859375,189.20593945312498
2023-07-21,191.68116760253906,193.31694946289062,197.18328845214845,189.4506104736328
2023-07-24,192.4900665283203,193.06928405761718,196.93066973876952,189.20789837646484
2023-07-25,193.35888671875,193.047314453125,196.9082607421875,189.18636816406251
2023-07-26,194.23770141601562,192.92747497558594,196.78602447509766,189.0689254760742
2023-07-27,192.9594268798828,192.94544982910156,196.8043588256836,189.08654083251952
2023-07-28,195.56591796875,193.72239990234374,197.59684790039063,189.84795190429685
2023-07-31,196.18507385253906,194.4614013671875,198.35062939453127,190.57217333984374
2023-08-01,195.34620666503906,194.8588653564453,198.75604266357422,190.9616880493164
2023-08-02,192.32029724121094,194.4753845214844,198.36489221191408,190.5858768310547
2023-08-03,190.91220092773438,194.0659393310547,197.9472581176758,190.18462054443359
2023-08-04,181.7445831298828,191.30167236328126,195.12770581054687,187.47563891601564
2023-08-07,178.6088104248047,187.7864196777344,191.5421480712891,184.03069128417968
2023-08-08,179.55752563476562,184.6286834716797,188.32125714111328,180.9361098022461
2023-08-09,177.94970703125,181.7545654296875,185.38965673828125,178.11947412109373
2023-08-10,177.72999572753906,179.11812438964844,182.70048687744142,175.53576190185547
2023-08-11,177.7899932861328,178.32720642089845,181.89375054931642,174.76066229248048
2023-08-14,179.4600067138672,178.49744567871093,182.06739459228515,174.9274967651367
2023-08-15,177.4499969482422,178.07593994140626,181.6374587402344,174.51442114257813
2023-08-16,176.57000732421875,177.8,181.35600000000002,174.244
2023-08-17,174.0,177.0540008544922,180.59508087158204,173.51292083740233
2023-08-18,174.49000549316406,176.39400329589844,179.9218833618164,172.86612322998047
2023-08-21,175.83999633789062,175.6700012207031,179.18340124511718,172.15660119628905
2023-08-22,177.22999572753906,175.6260009765625,179.13852099609375,172.11348095703124
2023-08-23,181.1199951171875,176.53599853515624,180.06671850585937,173.0052785644531
2023-08-24,176.3800048828125,177.01199951171876,180.55223950195312,173.4717595214844
2023-08-25,178.61000061035156,177.83599853515625,181.3927185058594,174.2792785644531
2023-08-28,180.19000244140625,178.70599975585938,182.28011975097658,175.13187976074218
2023-08-29,184.1199951171875,180.08399963378906,183.68567962646486,176.48231964111326
2023-08-30,187.64999389648438,181.38999938964844,185.0177993774414,177.76219940185547
2023-08-31,187.8699951171875,183.68799743652343,187.3617573852539,180.01423748779297
2023-09-01,189.4600067138672,185.85799865722657,189.5751586303711,182.14083868408204
2023-09-05,189.6999969482422,187.75999755859374,191.5151975097656,184.00479760742186
2023-09-06,182.91000366210938,187.51799926757812,191.26835925292968,183.76763928222655
2023-09-07,177.55999755859375,185.5,189.21,181.79
2023-09-08,178.17999267578125,183.56199951171874,187.2332395019531,179.89075952148437
2023-09-11,179.36000061035156,181.54199829101563,185.17283825683595,177.91115832519532
2023-09-12,176.3000030517578,178.86199951171875,182.43923950195312,175.28475952148438
2023-09-13,174.2100067138672,177.12200012207032,180.6644401245117,173.57956011962892
2023-09-14,175.74000549316406,176.75800170898438,180.29316174316406,173.2228416748047
2023-09-15,175.00999450683594,176.1240020751953,179.64648211669922,172.6015220336914
2023-09-18,177.97000122070312,175.84600219726562,179.36292224121092,172.32908215332031
2023-09-19,179.07000732421875,176.4000030517578,179.92800311279296,172.87200299072265
2023-09-20,175.49000549316406,176.6560028076172,180.18912286376954,173.12288275146486
2023-09-21,173.92999267578125,176.29400024414062,179.81988024902344,172.7681202392578
2023-09-22,174.7899932861328,176.25,179.775,172.725
2023-09-25,176.0800018310547,175.87200012207032,179.38944012451174,172.3545601196289
2023-09-26,171.9600067138672,174.45,177.939,170.96099999999998
2023-09-27,170.42999267578125,173.43799743652343,176.9067573852539,169.96923748779295
2023-09-28,170.69000244140625,172.78999938964844,176.24579937744141,169.33419940185547
2023-09-29,171.2100067138672,172.07400207519532,175.51548211669925,168.6325220336914
2023-10-02,173.75,171.60800170898438,175.04016174316408,168.17584167480467
2023-10-03,172.39999389648438,171.6959991455078,175.12991912841798,168.26207916259764
2023-10-04,173.66000366210938,172.34200134277344,175.78884136962893,168.89516131591796
2023-10-05,174.91000366210938,173.18600158691407,176.64972161865236,169.72228155517578
2023-10-06,177.49000549316406,174.44200134277344,177.93084136962892,170.95316131591795
2023-10-09,178.99000549316406,175.49000244140626,178.9998024902344,171.98020239257812
2023-10-10,178.38999938964844,176.68800354003906,180.22176361083984,173.15424346923828
2023-10-11,179.8000030517578,177.91600341796874,181.4743234863281,174.35768334960937
2023-10-12,180.7100067138672,179.0760040283203,182.65752410888672,175.4944839477539
2023-10-13,178.85000610351562,179.34800415039064,182.93496423339846,175.7610440673828
2023-10-16,178.72000122070312,179.29400329589845,182.8798833618164,175.7081232299805
2023-10-17,177.14999389648438,179.04600219726564,182.62692224121096,175.4650821533203
